100
3 1 5 15 13 11
3 0 8 23 22 21
3 2 4 17 8 4
2 0 8 21 21
2 1 10 27 26
1 1 8 13
2 2 9 22 22
3 0 0 3 14 27
1 0 0 0
2 1 2 2 3
3 1 4 8 9 8
2 0 6 14 14
3 0 10 27 2 26
3 0 5 11 11 21
1 0 1 19
3 0 1 1 9 24
3 1 3 29 14 26
3 3 7 25 28 18
1 1 4 24
2 1 5 15 25
2 0 9 1 29
1 0 9 23
2 2 3 20 24
3 0 2 2 11 3
3 0 4 11 5 24
1 0 3 8
1 0 8 21
2 0 9 18 30
2 1 3 30 18
3 1 8 3 21 21
2 0 9 27 23
3 2 4 8 9 9
1 1 3 24
3 1 9 1 24 14
1 0 8 26
1 0 4 19
3 1 6 28 14 4
2 0 0 30 30
1 1 7 6
3 2 2 6 14 26
3 1 3 6 6 27
1 0 5 5
3 3 9 6 9 7
3 0 4 2 16 8
1 0 7 8
2 0 0 7 20
3 2 7 18 17 17
1 1 4 21
2 1 0 6 20
3 2 6 14 14 14
2 0 1 0 0
1 0 6 12
1 0 6 11
1 1 0 24
3 0 10 30 30 30
3 0 1 7 13 21
1 0 4 9
3 0 10 24 24 0
2 0 2 20 3
3 0 2 16 8 3
1 0 6 10
3 3 7 8 6 20
1 1 8 28
3 0 5 12 7 12
1 1 10 8
2 2 3 28 9
1 0 2 22
3 2 9 11 24 10
3 1 5 6 11 11
2 2 6 16 26
1 0 0 15
2 0 5 9 23
2 0 0 30 14
1 0 3 13
2 0 0 6 3
1 0 6 14
2 0 2 11 3
1 1 8 19
3 2 9 4 15 1
1 0 3 5
2 2 3 9 12
1 1 5 24
1 0 5 12
1 0 4 8
2 1 1 0 25
2 0 10 10 19
2 0 7 18 18
2 1 8 5 26
3 2 2 3 2 3
3 1 10 26 26 9
2 1 5 6 3
2 0 3 27 6
3 0 3 28 6 26
2 0 5 11 22
1 0 8 1
2 2 0 14 20
3 0 0 19 5 14
2 2 1 12 14
3 0 8 13 21 20
3 0 7 21 18 29
